24.87
25.09
16.61

24.90
24.87
25.08
16.59

24.90
24.87
25.07
16.62

24.90
24.87
25.07
16.65

24.90
24.87
25.08
16.64

24.90
24.87
25.07
16.60

24.90
24.87
25.07
16.63

24.90
24.87
25.08
16.63

24.90
24.87
25.08
16.65

24.90
24.87
25.09
16.61

24.90
24.87
25.07
16.63

24.90
24.87
25.08
16.63

24.90
24.87
25.06
16.70

24.90
24.87
25.06
16.67

24.90
24.87
25.06
16.70

24.90
24.87
25.07
16.69

24.90
24.87
25.06
16.71

24.90
24.87
25.06
16.68

24.90
24.87
25.06
16.68

24.90
24.87
25.06
16.69

24.90
24.87
25.07
16.79

24.90
24.87
25.05
16.72

24.90
24.87
25.07
16.69

24.90
24.87
25.06
16.72

24.90
24.87
25.06
16.73

24.90
24.87
25.05
18.43

24.90
24.87
25.03
19.88

24.90
24.87
24.99
20.63

24.90
24.87
25.00
21.03

24.90
24.87
24.98
21.30

24.90
24.87
25.01
21.50

24.90
24.87
25.01
21.64

24.90
24.87
25.00
21.72

24.90
24.87
25.02
21.87

24.90
24.87
25.01
21.99

24.90
24.87
25.02
22.09

24.90
24.87
25.02
22.19

24.90
24.87
25.04
22.25

24.90
24.87
25.02
22.24

24.90
24.87
25.02
22.23

24.90
24.87
25.02
22.13

24.90
24.87
25.02
22.05

24.90
24.87
25.02
21.94

24.90
24.87
25.01
21.82

24.90
24.87
25.01
21.72

24.90
24.87
25.01
21.60

24.90
24.87
25.02
21.52

24.90
24.87
25.02
21.40

24.90
24.87
25.03
21.31

24.90
24.87
25.01
21.24

24.90
24.87
25.03
21.16

24.90
24.87
25.02
21.07

24.90
24.87
25.01
20.98

24.90
24.87
25.01
20.97

24.90
24.87
25.01
20.88

24.90
24.87
25.01
20.82

24.90
24.87
25.01
20.79

24.90
24.87
25.00
20.78

24.90
24.87
25.00
20.72

24.90
24.87
25.01
20.69

24.90
24.87
25.00
20.66

24.90
24.87
25.00
20.65

24.90
24.87
25.00
20.65

24.90
24.87
25.00
20.67

24.90
24.87
25.00
20.66

24.90
24.87
25.00
20.69

24.90
24.87
25.00
20.71

24.90
24.87
25.01
20.71

24.90
24.87
25.00
20.76

24.90
24.87
25.00
20.77

24.90
24.87
25.00
20.78

24.90
24.87
25.01
20.90

24.90
24.87
25.00
21.25

24.90
24.87
25.00
21.59

24.90
24.87
25.00
21.85

24.90
24.87
24.99
22.14

24.90
24.87
25.00
22.42

24.90
24.87
24.99
22.72

24.90
24.87
24.99
23.15

24.90
24.87
24.98
23.53

24.90
24.87
24.99
23.91

24.90
24.87
25.00
24.25

24.90
24.87
25.00
24.69

24.90
24.87
24.98
25.77

24.90
24.87
24.99
27.43

24.90
24.87
24.96
29.00

24.90
24.87
24.95
30.04

24.90
24.87
24.94
31.34

24.90
24.87
24.94
33.54

24.90
24.87
24.93
36.09

24.90
24.87
24.88
38.57

24.90
24.81
24.87
40.91

24.90
24.81
24.84
43.34

24.90
24.81
24.83
45.69

24.90
24.81
24.83
47.90

24.90
24.75
24.80
50.16

24.90
24.81
24.77
52.31

24.90
24.75
24.73
54.24

24.90
24.75
24.71
55.98

24.41
24.75
24.68
57.57

24.90
24.75
24.68
59.19

24.90
24.75
24.67
60.79

24.90
24.75
24.67
62.35

24.41
24.75
24.69
63.99

24.90
24.75
24.67
65.54

24.41
24.75
24.66
66.96

24.41
24.75
24.66
68.40

24.41
24.69
24.65
69.81

24.41
24.75
24.65
71.09

24.41
24.75
24.66
72.35

24.41
24.75
24.64
73.54

24.41
24.69
24.63
74.67

24.41
24.69
24.61
75.66

24.41
24.69
24.59
76.63

24.41
24.69
24.60
77.53

24.41
24.69
24.57
78.41

24.41
24.69
24.59
79.33

24.41
24.69
24.56
79.97

24.41
24.69
24.57
80.84

24.41
24.69
24.56
81.31

24.41
24.69
24.56
81.87

24.41
24.69
24.55
82.38

24.41
24.69
24.54
82.92

24.41
24.69
24.53
83.29

24.41
24.69
24.52
83.89

24.41
24.69
24.52
85.23

24.41
24.69
24.53
85.72

24.41
24.69
24.52
86.32

24.41
24.69
24.51
86.87

24.41
24.69
24.49
87.33

24.41
24.62
24.49
87.63

24.41
24.62
24.49
88.21

24.41
24.62
24.47
88.97

24.41
24.62
24.46
89.28

24.41
24.62
24.45
89.66

24.41
24.62
24.45
89.84

24.41
24.62
24.45
89.91

24.41
24.62
24.44
90.20

24.41
24.62
24.45
90.31

24.41
24.62
24.44
90.40

24.41
24.62
24.42
90.65

24.41
24.62
24.43
91.16

24.41
24.62
24.45
91.36

24.41
24.62
24.44
91.55

24.41
24.62
24.43
92.16

24.41
24.62
24.40
92.91

24.41
24.62
24.42
93.16

23.93
24.62
24.41
93.39

24.41
24.62
24.42
93.56

24.41
24.62
24.41
93.81

24.41
24.62
24.42
94.18

24.41
24.62
24.43
94.42

24.41
24.62
24.41
94.65

24.41
24.62
24.40
94.69

24.41
24.62
24.40
94.61

24.41
24.62
24.38
94.57

24.41
24.62
24.41
94.58

24.41
24.56
24.40
94.69

24.41
24.62
24.40
94.96

24.41
24.62
24.38
95.18

24.41
24.62
24.38
95.21

24.41
24.62
24.40
95.29

24.41
24.62
24.38
95.44

24.41
24.62
24.37
95.52

24.41
24.56
24.38
95.65

24.41
24.56
24.36
95.79

24.41
24.62
24.37
96.09

24.41
24.56
24.36
96.14

24.41
24.56
24.38
96.25

24.41
24.56
24.37
96.39

24.41
24.56
24.37
96.59

24.41
24.56
24.36
96.76

24.41
24.56
24.35
96.91

24.41
24.56
24.36
97.01

24.41
24.56
24.35
97.09

24.41
24.56
24.37
97.20

24.41
24.56
24.34
97.46

24.41
24.56
24.37
97.52

24.41
24.56
24.37
97.58

24.41
24.56
24.36
97.75

24.41
24.56
24.35
98.06

24.41
24.56
24.37
98.44

24.41
24.56
24.36
98.44

24.41
24.56
24.36
98.66

24.41
24.56
24.37
98.86

24.41
24.56
24.34
99.10

24.41
24.56
24.34
99.20

24.41
24.56
24.33
99.26

24.41
24.56
24.35
99.54

24.41
24.56
24.34
99.76

24.41
24.56
24.34
100.00

24.41
24.56
24.35
100.00

24.41
24.56
24.35
100.00

24.41
24.56
24.36
100.00

24.41
24.56
24.35
100.00

24.41
24.56
24.36
100.00

24.41
24.56
24.36
100.00

24.41
24.56
24.36
100.00

24.41
24.56
24.36
100.00

